[Dense Weights]
[[ 0.03539551]
 [-0.06018714]
 [ 0.08842811]
 [ 0.1002436 ]
 [ 0.14947052]
 [-0.04369412]
 [ 0.03463142]
 [ 0.00194214]
 [-0.17172766]
 [-0.14401782]
 [-0.05239321]
 [ 0.13001017]
 [-0.09428629]
 [ 0.04753019]
 [-0.03431188]
 [-0.01915857]
 [ 0.07820574]
 [ 0.04719414]
 [ 0.13044883]
 [ 0.05038363]
 [ 0.12904575]
 [-0.09561753]
 [-0.07417272]
 [-0.15913488]
 [ 0.03093241]
 [-0.04021123]
 [-0.01508634]
 [ 0.15350835]
 [-0.1315097 ]
 [ 0.02828734]
 [-0.12716097]
 [ 0.03968291]
 [-0.13280584]
 [-0.08522809]
 [-0.07628983]
 [-0.10493398]
 [ 0.15265049]
 [-0.13668458]
 [ 0.08185704]
 [-0.10378478]
 [-0.03961433]
 [ 0.02165789]
 [ 0.06506372]
 [ 0.05464731]
 [ 0.10526168]
 [-0.16086712]
 [-0.13062383]
 [-0.18881193]
 [-0.0011292 ]
 [ 0.12741335]
 [ 0.04026657]
 [-0.14498495]
 [-0.10576479]
 [ 0.01542156]
 [ 0.08903925]
 [-0.09205998]
 [-0.07558767]
 [ 0.15691891]
 [ 0.08562876]
 [-0.06210974]
 [ 0.13050178]
 [-0.04934857]
 [-0.07665592]
 [-0.10700846]
 [-0.09914887]
 [-0.04640164]
 [ 0.02390497]
 [ 0.06534172]
 [ 0.05056142]
 [-0.12251606]
 [-0.12235674]
 [-0.17173846]
 [ 0.04800664]
 [-0.04312579]
 [-0.099801  ]
 [-0.00072366]
 [ 0.03882785]
 [ 0.10059595]
 [ 0.12684341]
 [-0.07595344]
 [-0.07510529]
 [-0.06498446]
 [ 0.10047214]
 [ 0.1300167 ]
 [ 0.08838399]
 [ 0.08769653]
 [-0.06501917]
 [ 0.05083871]
 [-0.11252686]
 [-0.16589524]
 [ 0.14830042]
 [ 0.03853622]
 [-0.03913789]
 [ 0.07040755]
 [-0.08198517]
 [ 0.10569002]
 [-0.04680735]
 [-0.09053142]
 [ 0.02822109]
 [ 0.1380309 ]
 [-0.14514033]
 [ 0.09041554]
 [-0.1197112 ]
 [-0.06185298]
 [ 0.03793323]
 [ 0.02939311]
 [-0.17161092]
 [ 0.11946815]
 [ 0.09644081]
 [-0.00493733]
 [-0.06275133]
 [ 0.11296084]
 [ 0.15394486]
 [-0.08786444]
 [-0.0793567 ]
 [-0.0456478 ]
 [ 0.1564708 ]
 [-0.05166387]
 [-0.04443629]
 [ 0.10049488]
 [-0.03075846]
 [-0.07101398]
 [ 0.14811848]
 [ 0.11856312]
 [ 0.04197722]
 [-0.13314909]
 [ 0.05853568]
 [-0.03130612]]
