[SimpleRNN Weights]
Input Kernel (Bobot):
[[ 0.1115659 -0.0609678 -0.0078622 ...  0.0267929 -0.1077047 -0.1365461]
 [ 0.1556624 -0.1391856 -0.1278807 ...  0.1350604 -0.1320259 -0.0938061]
 [-0.129372   0.0716739  0.0876948 ... -0.0716154  0.1194078  0.0741566]
 ...
 [ 0.0099436  0.1645139 -0.0062741 ...  0.117042  -0.0066294 -0.132723 ]
 [-0.0146155 -0.1360581 -0.1105631 ...  0.0876134 -0.1359034 -0.1309389]
 [-0.0302532 -0.0500646  0.1581903 ...  0.0596643 -0.08423    0.0392904]]

Recurrent Kernel (Bobot):
[[ 0.0163778 -0.0281717  0.0282344 ...  0.0479924 -0.0237492  0.0131935]
 [-0.0515208  0.0782032 -0.1154    ... -0.1073959  0.0779084 -0.1563741]
 [ 0.1411047 -0.1051052 -0.1876083 ... -0.1070562  0.0438994 -0.0142446]
 ...
 [ 0.0142305 -0.0619744  0.0240633 ... -0.0553298  0.0717528 -0.0811844]
 [-0.0199383  0.0342235  0.123925  ...  0.0236409 -0.1335338  0.1177365]
 [ 0.1732392 -0.0158226 -0.0363737 ... -0.0393516  0.1260645  0.0557232]]
